1 141 71 173
3 167 128 196
6 65 34 118
6 71 100 33
7 17 130 9
8 104 23 203
8 204 68 193
9 123 12 24
9 160 208 168
10 61 165 43
13 116 110 97
14 36 65 160
14 71 28 51
14 119 134 4
14 205 25 122
15 73 41 148
15 155 99 182
17 3 97 54
18 70 192 39
18 132 30 75
18 148 206 200
19 123 133 152
22 104 108 129
23 116 20 14
23 120 64 98
23 179 80 71
24 207 168 81
25 56 186 130
25 208 170 157
26 201 84 65
27 18 172 75
29 135 175 110
30 45 20 174
30 129 100 39
31 198 6 66
34 195 157 168
35 0 113 137
36 124 202 53
38 5 141 196
38 112 52 122
38 149 37 55
39 166 4 45
40 119 111 168
41 28 156 0
42 67 154 30
43 85 132 41
44 44 94 79
44 159 93 173
46 62 63 145
46 152 209 136
47 8 93 121
47 191 207 166
49 12 119 104
49 194 11 128
49 197 44 191
51 180 50 155
51 183 83 7
52 162 54 43
52 198 28 166
53 91 108 84
54 64 13 205
54 184 67 193
55 13 76 33
56 12 56 67
56 67 28 167
60 34 51 116
60 51 27 51
60 173 103 81
60 198 167 184
62 168 30 86
64 44 125 124
67 99 70 178
71 201 101 8
72 118 23 8
73 21 2 136
73 70 119 110
74 7 50 108
74 32 114 0
74 34 136 42
74 67 77 102
75 125 73 109
76 126 75 185
76 142 40 99
77 99 191 95
77 146 75 27
77 167 95 46
80 53 80 138
80 178 189 20
84 1 105 110
84 61 132 104
85 109 18 112
87 113 44 95
88 130 11 85
88 147 198 20
89 114 37 15
89 148 200 96
90 36 14 120
90 207 207 124
92 197 79 24
94 187 162 135
95 82 53 95
95 149 157 25
96 190 177 97
99 29 67 46
99 114 158 143
101 9 40 158
101 145 59 60
101 172 145 205
101 195 187 55
102 36 117 147
102 81 190 37
105 54 77 57
105 120 170 177
106 0 107 33
106 91 53 45
109 2 102 29
110 4 115 126
110 31 201 60
110 64 142 120
111 13 205 159
111 182 165 121
111 208 29 34
111 210 51 76
113 133 30 46
114 186 182 159
115 43 77 165
115 142 111 134
116 108 150 108
118 6 65 186
118 207 166 187
119 37 186 48
119 58 206 67
119 145 108 206
120 67 85 100
120 191 183 172
121 84 52 90
122 18 161 25
122 158 13 11
126 145 45 169
127 86 20 40
128 6 186 103
128 16 85 102
128 61 158 203
130 33 43 147
131 109 26 110
131 125 202 24
131 131 57 150
134 21 86 115
134 123 153 147
134 188 24 35
135 79 82 122
136 0 48 206
137 3 72 113
137 25 103 153
139 153 16 208
140 127 143 139
142 164 110 182
144 11 97 33
144 65 58 112
144 189 156 184
147 66 42 87
148 17 127 168
148 38 147 187
150 65 4 20
151 123 0 27
153 161 189 91
157 35 33 197
157 162 164 121
158 110 5 139
164 52 157 95
164 93 186 112
164 155 24 148
165 177 46 32
165 184 123 179
166 58 205 120
167 101 36 23
167 180 61 205
169 66 55 31
171 208 122 169
173 126 46 34
173 182 29 155
175 155 136 120
177 144 208 210
178 197 149 112
179 130 36 26
179 179 153 0
180 3 107 157
180 99 108 63
180 165 201 183
181 106 176 54
184 68 153 54
184 86 140 10
185 97 41 85
186 109 164 181
188 158 52 54
189 186 140 64
195 143 35 124
197 115 131 68
198 117 144 165
199 108 36 31
202 46 171 160
202 141 161 45
204 38 65 102
204 185 205 24
205 97 72 130
206 66 144 167
206 90 197 38
208 25 97 49
208 174 48 13
209 84 104 77
210 134 12 127
210 138 56 0
